51544.0 -0.7544847405018339 -0.6234631135188012 -0.7069166312983555 -0.7070418381651157
51544.01388888889 0.1524683967416395 0.9979117406919283 0.2324788001108768 0.9766378908484753
51544.02777777778 0.9236662523808173 -0.09684463174673466 0.9075352619516165 -0.14687420462599465
51544.041666666664 -0.9249796747918416 0.3887469765538476 -0.8553413032327223 0.5281669088390522
51544.055555555555 -0.8065801157645329 0.5698678066147663 -0.8616283361862137 0.5167433538013411
51544.069444444445 -0.9195140275830844 0.20557154922519688 -0.9357163954199774 0.16255199729203498
51544.40277777778 0.006936780183048347 -0.9666338674192991 0.07593507121117414 -0.9704013032291792
51544.416666666664 -0.8745891094266928 -0.41334908614193994 -0.8820496339577136 -0.42503478455510957
51544.430555555555 0.42007596829944377 0.8640226017677924 0.4514757909257073 0.829300309881627
51544.444444444445 0.6590538051273148 0.7325510441058473 0.731265761637206 0.6520818350538016
51544.458333333336 -0.5135654004168109 0.8921237321739464 -0.47518514690110386 0.8922268054711334
51544.47222222222 1.0802478359962397 -0.13259598909697318 1.0430249922792112 -0.2210916151276226
51544.48611111111 0.6902607115581249 -0.6498558654684385 0.781011416440866 -0.5783764421425805
51544.5 0.5017636482186901 -0.8542647392394456 0.5150464023683327 -0.8681529075562378
51544.51388888889 -0.6478321829842651 -0.7306006831621095 -0.5295380234069184 -0.8251590415846446
51544.52777777778 1.0348235025498516 -0.1044143242412097 1.046234415731703 -0.04696263467249636
51544.541666666664 0.7758793563601696 0.6334177488099377 0.8100266207833715 0.6217026872904142
51544.555555555555 -0.8645605476669981 0.371456211791038 -0.8990267249822004 0.23752590173168908
51544.569444444445 -0.967539588346147 -0.29199213370624477 -1.0031131320368147 -0.21043783975222505
51544.583333333336 -0.5579881796688775 -0.8136021640878404 -0.6333202467590975 -0.759670158855453
51544.59722222222 0.7163147302620971 -0.6407013375159848 0.7266887519633877 -0.6109946759019127
51544.61111111111 0.8417114466036191 0.45562955945096867 0.8186736084072354 0.5121742041167844
51544.625 0.745956220956944 0.6357354405703719 0.8322133977500642 0.5019729021058974
51544.63888888889 0.9732997798053167 -0.12032316288933446 0.9685268716716217 -0.1038032490659002
51544.65277777778 -0.9451116904660964 0.3205842475794623 -0.9800840070684578 0.19880138499081895
51544.666666666664 1.0030726364391425 0.12116496515292059 1.009660389095301 -0.019515906620200914
51544.680555555555 1.1056445380536362 0.041524575934436654 1.0832285466273244 -0.03136291978310889
51544.694444444445 -1.0281107658801056 -0.0393593849713879 -1.0267821837199513 0.058829501288074786
51544.708333333336 -0.7018057955427728 -0.7653583645445764 -0.708438733051716 -0.7772374657586596
51544.72222222222 -0.7041832805743482 0.6892169662804551 -0.671448396531893 0.7065486972098609
51544.73611111111 -0.9561455056238547 0.10374032707819238 -0.9645901778394559 0.12594968194149503
51544.75 -0.9161094622623374 -0.22658295081590718 -0.9210177842155334 -0.14193708280586514
51544.76388888889 -0.8896018649211948 0.4892545168920447 -0.9192063456649017 0.4466833588191871
51544.77777777778 -0.40136817357723303 0.9104553433342313 -0.5167397016045802 0.8675999584006692
51544.791666666664 0.5184256909124034 0.7664162835418126 0.4735449728686298 0.8013706468162644
51544.805555555555 -1.021625627843436 0.17054510079438542 -1.049116785102785 0.10347331632687404
51544.819444444445 0.1768566916758673 0.9419079893024334 0.35694355378526854 0.8953692969691607
51544.833333333336 0.7841230647798245 0.5513390981801872 0.7796667647318539 0.5535739919700224
51544.84722222222 -0.1764457503843217 -0.8812472899817831 -0.3608628176422046 -0.8239893117856497
51544.86111111111 -0.9281358110264907 0.17928689215487634 -0.9202589702530416 0.18705739585975514
51544.875 -0.5018247098735299 -0.8509180002440049 -0.6025503166132524 -0.7692218036142424
51544.88888888889 -0.9360518959091673 0.3303080311814619 -0.9730176510418321 0.1284951324933992
51544.90277777778 -0.17771694818659373 0.999009019326457 -0.39670230553463287 0.9304957262206057
51544.916666666664 -0.7999938741408543 -0.5274453045949893 -0.8239769377807893 -0.4722146701807845
51544.930555555555 -0.7801237854839046 -0.5750738713495583 -0.7804631438062778 -0.5482433681805818
51544.944444444445 -0.4594243976325745 -0.9097262264563539 -0.4620816960277454 -0.914171643676845
51544.958333333336 0.2708643106675635 0.9545621943987878 0.052603189076047746 0.9830564636157799
51544.97222222222 1.0066286755341356 0.24355988244922078 1.0209891763411365 0.17319575203624915
51544.98611111111 0.6982956266569054 -0.7516579687495772 0.6700369102419756 -0.7747687635935024
