51544.0 -0.9510508534924365 -0.3983516986053694 -0.9510508534924365 -0.3983516986053694
51544.01388888889 1.071177152605314 0.23787292041565214 1.071177152605314 0.23787292041565214
51544.02777777778 0.34834499239263556 -1.0056976895443437 0.34834499239263556 -1.0056976895443437
51544.041666666664 0.8316223314414336 -0.5312582619119636 0.8316223314414336 -0.5312582619119636
51544.055555555555 0.7584900839814569 -0.7180392919963667 0.7584900839814569 -0.7180392919963667
51544.069444444445 0.9467753312297935 0.411954196811751 0.9467753312297935 0.411954196811751
51544.40277777778 0.159219257788483 -0.9340934788482683 0.159219257788483 -0.9340934788482683
51544.416666666664 0.1415700051624481 0.9816041607364524 0.1415700051624481 0.9816041607364524
51544.430555555555 -0.3748910468693114 0.9973492840375884 -0.3748910468693114 0.9973492840375884
51544.444444444445 0.3378100755841186 0.8734890821630904 0.3378100755841186 0.8734890821630904
51544.458333333336 -0.4378370821970101 -0.8992181349279126 -0.4378370821970101 -0.8992181349279126
51544.47222222222 0.9041675830924816 -0.2107753040717422 0.9041675830924816 -0.2107753040717422
51544.48611111111 0.7352613888705172 -0.7027709768516947 0.7352613888705172 -0.7027709768516947
51544.5 0.9480027936570676 0.21745320010555363 0.9480027936570676 0.21745320010555363
51544.51388888889 0.729531653845131 -0.6690877942438662 0.729531653845131 -0.6690877942438662
51544.52777777778 0.3185539635111254 -0.98949632209328 0.3185539635111254 -0.98949632209328
51544.541666666664 -0.9592859595700308 -0.23263118016855283 -0.9592859595700308 -0.23263118016855283
51544.555555555555 -0.16688144103893135 -0.9823918834182482 -0.16688144103893135 -0.9823918834182482
51544.569444444445 -0.796614045073194 -0.5979606493338995 -0.796614045073194 -0.5979606493338995
51544.583333333336 -0.5846755948148781 -0.8206514496767964 -0.5846755948148781 -0.8206514496767964
51544.59722222222 0.1842565144571055 1.0022829844215755 0.1842565144571055 1.0022829844215755
51544.61111111111 0.8260369548230855 0.44104139827313915 0.8260369548230855 0.44104139827313915
51544.625 -0.6408602973093193 0.8281524658483949 -0.6408602973093193 0.8281524658483949
51544.63888888889 -0.6449458588910657 0.7036384304768366 -0.6449458588910657 0.7036384304768366
51544.65277777778 0.2307931804571857 0.9961351119779666 0.2307931804571857 0.9961351119779666
51544.666666666664 -0.6173151532257664 -0.7565279484273175 -0.6173151532257664 -0.7565279484273175
51544.680555555555 -0.9600840058688493 0.2010225763656545 -0.9600840058688493 0.2010225763656545
51544.694444444445 -0.8277664575448828 0.5771598719600125 -0.8277664575448828 0.5771598719600125
51544.708333333336 -1.0142014632058913 -0.06994910621660713 -1.0142014632058913 -0.06994910621660713
51544.72222222222 -0.9604418272597327 0.056411222729653106 -0.9604418272597327 0.056411222729653106
51544.73611111111 0.6872158760754916 -0.7075909943006996 0.6872158760754916 -0.7075909943006996
51544.75 -0.9579612841136187 -0.4368892111042014 -0.9579612841136187 -0.4368892111042014
51544.76388888889 -0.12491101427727903 0.9171748195835701 -0.12491101427727903 0.9171748195835701
51544.77777777778 -0.15385721183403875 -0.9724558241022021 -0.15385721183403875 -0.9724558241022021
51544.791666666664 0.3719513211487088 0.933306174830472 0.3719513211487088 0.933306174830472
51544.805555555555 1.0843503244919932 0.04595018523714099 1.0843503244919932 0.04595018523714099
51544.819444444445 -0.6565502726958694 0.8123693067408649 -0.6565502726958694 0.8123693067408649
51544.833333333336 -0.5172998810664801 -0.869559206389697 -0.5172998810664801 -0.869559206389697
51544.84722222222 -0.1591836235295769 0.9589302418541655 -0.1591836235295769 0.9589302418541655
51544.86111111111 0.23593442969840162 -0.9405818858059831 0.23593442969840162 -0.9405818858059831
51544.875 -0.9383252854619692 -0.31554048866039885 -0.9383252854619692 -0.31554048866039885
51544.88888888889 0.6403919765421116 -0.8321899949469204 0.6403919765421116 -0.8321899949469204
51544.90277777778 0.9327436814990367 0.20731272102288892 0.9327436814990367 0.20731272102288892
51544.916666666664 0.6663704939351421 -0.822109827800803 0.6663704939351421 -0.822109827800803
51544.930555555555 0.9860086923185432 -0.4212536327091871 0.9860086923185432 -0.4212536327091871
51544.944444444445 -1.051265477716888 0.2932112049089505 -1.051265477716888 0.2932112049089505
51544.958333333336 -0.839413228109626 0.5401172647099002 -0.839413228109626 0.5401172647099002
51544.97222222222 -0.30983610027864117 0.972023459320493 -0.30983610027864117 0.972023459320493
51544.98611111111 0.9938311666409146 0.13820362661836383 0.9938311666409146 0.13820362661836383
