51544.0 0.14788868282778347 0.9642211772285297 0.1500744080857978 0.9732059448434339
51544.01388888889 -0.43291072564467115 0.8675175067679977 -0.2221656344874062 0.9596115005439952
51544.02777777778 -0.938377986968931 -0.262525634265433 -0.9650739209308693 -0.1460764420537738
51544.041666666664 -0.26178943305831454 -0.9102542443545377 -0.2699821541797184 -0.9011066057921056
51544.055555555555 -0.8753640024487958 0.5003054779894255 -0.8810291155593648 0.4942467903951384
51544.069444444445 0.9605237916797595 -0.19310669492165972 0.9604341923037203 -0.07180945402898181
51544.40277777778 -1.008857988314062 -0.3536476922496118 -1.0094521683605315 -0.3511603650205448
51544.416666666664 -0.9431683536714909 -0.4858686478123349 -0.9991535363166946 -0.3909664732172265
51544.430555555555 -0.8155008845943663 -0.6437083489318298 -0.8499610308681903 -0.6045835584409022
51544.444444444445 0.4101146407019045 0.884321712215134 0.3479557245876694 0.9141776261989197
51544.458333333336 -0.056401387558611786 -0.9110833390256067 0.035630239298958415 -0.9094608382732545
51544.47222222222 0.9421809484292286 0.48898303960384487 0.791845675829919 0.6822023378553798
51544.48611111111 0.5227415133738506 -0.7178878376579971 0.4332045242455148 -0.7676564248250485
51544.5 0.7588164711620945 -0.6548379676542218 0.7014013629272985 -0.6923155397798673
51544.51388888889 -0.9604917546392742 -0.18511851700414114 -0.9521764299207834 -0.13841129835147614
51544.52777777778 0.5283837517523882 0.8612905452001588 0.4857893672420269 0.9054396310082643
51544.541666666664 -1.042153416941467 0.09666241956218556 -1.0461409956989143 -0.06771566997272438
51544.555555555555 0.8689912780049266 -0.590560608007939 0.8445202981809988 -0.6140583384865724
51544.569444444445 0.6634878496126467 -0.7569269901458306 0.672667135702906 -0.7696800120132098
51544.583333333336 -0.7233728734409277 -0.721727042247085 -0.747052885037433 -0.6765959650483895
51544.59722222222 -0.18146437011406583 0.9593589882089621 -0.11996221331537635 0.9630352735240891
51544.61111111111 0.4930571153474329 0.8820533178190566 0.48793156741199306 0.8814577295865349
51544.625 -0.9639446963071993 0.020293332294233482 -0.9750364519397031 -0.07003338379138961
51544.63888888889 0.3960005953762847 0.9449136183539285 0.3295325029639981 0.9816894627659594
51544.65277777778 0.32160407892166326 0.9034907599870613 0.40325718005041516 0.8681767772413752
51544.666666666664 0.8557089397973847 0.6103594682138399 0.8397903889061257 0.6253719460593641
51544.680555555555 0.7222541358843997 0.4842182670266098 0.8084424157812803 0.35386797344819126
51544.694444444445 -0.8502503167406471 0.3856839107480699 -0.9244269525793893 0.26336332561029513
51544.708333333336 0.9904470427874403 0.2745419450652329 0.9659708073925237 0.35321408949483435
51544.72222222222 -0.8885141787901545 -0.43282999258671684 -0.8109553568734236 -0.5593190556417158
51544.73611111111 -0.9558947309348683 0.43387299606333113 -0.9672448104555399 0.36738223239891865
51544.75 -0.908525712643913 0.35377685615364113 -0.8957422485728807 0.36824454907325316
51544.76388888889 -0.7869232228917283 0.6275557911207136 -0.7585527444181716 0.6676412299329688
51544.77777777778 0.36031117290427095 -0.9425058807558484 0.29208083642713056 -0.9659666909199764
51544.791666666664 -0.3094863538468819 0.9383199501193425 -0.31286162552111646 0.9398726513128126
51544.805555555555 -0.38206213455405874 0.9480594025124749 -0.32287238278194375 0.9757409975768762
51544.819444444445 -0.947064991966034 -0.19020629540844394 -0.9193061768678835 -0.31239502979532663
51544.833333333336 0.6801156001564823 0.7711169086798552 0.7309287702700971 0.7001212041254983
51544.84722222222 0.7431219394968674 0.7094153784104439 0.8214350542161912 0.6473017028570053
51544.86111111111 0.32073057276671607 0.9402208237967961 0.41631917626352116 0.9163696014468541
51544.875 -0.4039297468560216 0.9367597651727887 -0.3455144989151248 0.9602165029857747
51544.88888888889 0.7462225313469901 -0.6348139557483771 0.7216395292599139 -0.6573334234394447
51544.90277777778 -0.13416809606402239 -0.8706164917479793 -0.1313892758973573 -0.8790160862601167
51544.916666666664 0.420233052898051 -0.8735908983069083 0.36208954754487044 -0.9024525473345767
51544.930555555555 -0.7215298800060995 0.700742791366315 -0.7409338714738527 0.6757506019426588
51544.944444444445 0.2911658977742187 -0.9551846817795512 0.3116945426462007 -0.9511267545511503
51544.958333333336 0.016864360314832592 -1.0385122271675118 -0.14190239472523083 -1.0203187632089483
51544.97222222222 -0.4920098859020811 0.8847601216906325 -0.4821560765791956 0.9016042767475255
51544.98611111111 0.3322571901318 -0.9162948263021171 0.4566029741544418 -0.8748411151356974
