51544.0 -0.3143484559595346 0.9184176094118962 -0.16643653431158123 0.9556373136608248
51544.01388888889 -0.973977429549067 -0.07140870232305865 -0.9885871133421537 -0.05168723882222151
51544.02777777778 -1.0198501180723214 -0.05462569419704728 -1.0291465504121962 -0.04219664462902822
51544.041666666664 -0.8340727198939674 -0.6144479279583897 -0.8933451922149657 -0.4758780561746764
51544.055555555555 -0.48751020579717563 0.8319284652986906 -0.5547866923028637 0.8174008292400539
51544.069444444445 0.04033117930650062 -1.0302550727450674 0.1698246003223809 -1.0005178045671994
51544.40277777778 -0.34522710621549224 -0.9184316789508716 -0.3641757234666543 -0.9209201639212835
51544.416666666664 0.5612139222532213 -0.8544252697373643 0.37444947378803123 -0.9461691274430619
51544.430555555555 1.0403534019963379 0.20983855086480707 1.0442450618400312 0.23916243301239454
51544.444444444445 0.5545896429272449 0.8062522382015886 0.5613411230768268 0.7985760937611054
51544.458333333336 -1.0216238986897825 -0.16637088297443578 -1.0261990685934586 -0.15461633545445758
51544.47222222222 0.2894934847528718 -0.9991941244834079 0.3175438643275464 -0.9809197671408758
51544.48611111111 -1.0296473013798153 -0.046325934904939026 -1.012917311186591 -0.20499204120833223
51544.5 -0.9653215567303276 -0.23005582660314422 -0.971336712186411 -0.21800985462745234
51544.51388888889 -0.7662366799825138 0.7595166040331935 -0.8208483320672615 0.7018286518614149
51544.52777777778 0.8779010093494949 -0.2823692700759061 0.9113240323430927 -0.17396704484655007
51544.541666666664 0.08799313129845927 -1.0221202415270991 -0.03571704456089755 -1.038205014167069
51544.555555555555 1.0100599776847716 -0.264041736536436 0.966286119457598 -0.4056415748388424
51544.569444444445 -0.8789111311810003 -0.24503437548124188 -0.9236330717857224 -0.06803949714569801
51544.583333333336 -0.7964922322344978 -0.6948781465537078 -0.777909586013464 -0.716921632318642
51544.59722222222 -0.11694709636431531 -0.9414608787208145 0.061059586697784156 -0.952970741340009
51544.61111111111 0.1069801867719552 0.8545794494115208 0.03264766942367906 0.8654376916611939
51544.625 -0.8887304116888085 -0.5549114902932932 -0.8380828168658093 -0.6163703530234991
51544.63888888889 0.5074655243070726 -0.8678867316468986 0.43482488691394444 -0.8971611840968637
51544.65277777778 0.5825710180399114 -0.7778194030186263 0.5360465675517583 -0.8186069147870001
51544.666666666664 1.0244965948295288 -0.278347678531047 1.044893518892725 -0.09841440550657944
51544.680555555555 0.1355510926271971 -0.9115581014182564 0.16921342506371898 -0.92020159665741
51544.694444444445 -0.6884373045736265 -0.46502309683441906 -0.67963722777917 -0.4891315977189057
51544.708333333336 -0.8435107355744609 -0.6012290620130696 -0.840175468653243 -0.584764561931325
51544.72222222222 1.0542274064299 -0.2221551404519949 1.0562786909226958 -0.23041714325994894
51544.73611111111 -1.1097546989984683 0.1253623174470101 -1.109879766670694 0.20156798699851775
51544.75 0.9595453910491164 0.42741595783930936 0.9079957999341867 0.4943853302348248
51544.76388888889 -0.19923688582554405 -1.0339876819035534 -0.22931382402610268 -1.0395109118467734
51544.77777777778 0.2635827783327004 -0.9674328121150018 0.3539694652942065 -0.9396734218223372
51544.791666666664 -0.3189400126010765 -1.0730574981653747 -0.3039882992625345 -1.077413105172565
51544.805555555555 -0.9325135148658275 0.5355660383586229 -0.9062833651735823 0.5614643884974228
51544.819444444445 0.31568593835053627 0.9359676982724002 0.23463440711971206 0.9637546907469298
51544.833333333336 0.5531387161803287 0.7404974879044717 0.6039542588738013 0.6845119591295608
51544.84722222222 -0.030793922216996297 1.0124541265494094 -0.18648286178686246 1.0028328661831138
51544.86111111111 0.0021545418224217135 1.0416591665868096 0.07904989972941959 1.0270999469184303
51544.875 -0.14255775669834886 -0.9507866077333191 -0.15913220125713493 -0.9488957135572641
51544.88888888889 0.8143995019365037 0.5247724032075186 0.7945387469693986 0.5566614271519976
51544.90277777778 -0.62187008354472 -0.8843800786076064 -0.5794823248115222 -0.8877628212478557
51544.916666666664 0.7798697384846411 -0.6627097320061928 0.6898720706921389 -0.7467448106778004
51544.930555555555 -0.08965339383204399 1.0206441670647914 -0.13528017237494122 1.0271267908495672
51544.944444444445 -1.0309575988150184 0.23753133830227832 -1.0398170410016414 0.22985490063398842
51544.958333333336 0.17249749125798966 0.9999550449092804 0.11421804974729374 0.9908988621971899
51544.97222222222 0.08478967996183455 1.126197112151141 -0.05768684459905906 1.1280845320448405
51544.98611111111 -0.2176202782352399 -0.9676930338612448 -0.1628887443959773 -0.9766607551737633
