51544.0 0.9043077444390756 -0.07400896665594404 0.9042322446087951 -0.1286021779139163
51544.01388888889 -0.15547255619517084 -1.0120376672605895 -0.2276319272444345 -0.9906741181342512
51544.02777777778 0.9927551043676686 0.3123068515195785 1.0021280399554293 0.27257375194545863
51544.041666666664 0.335187736382105 0.873619710934017 0.31399847989700164 0.8862990257405396
51544.055555555555 0.9879530690069359 -0.40903531486853023 0.9575979935820518 -0.4899851970134921
51544.069444444445 0.6599316748581963 0.6765358990267459 0.7224303856817589 0.6220148056581758
51544.40277777778 -0.049043258011339734 -0.9537615619931753 -0.04987728387541826 -0.9394536622763797
51544.416666666664 0.19642650130298217 -1.0009230057504361 0.2655986257966172 -0.9570222578283366
51544.430555555555 0.3623544443885419 -1.0030679227228465 0.29941226723801584 -1.0186764542772568
51544.444444444445 0.1327281034885557 0.8896264143473303 0.03536109445020937 0.9166183383643718
51544.458333333336 -0.032748999832646376 -0.9037270025006097 -0.02104232397799397 -0.9156607887246349
51544.47222222222 -0.5735386219671961 -0.8372919507451729 -0.46730877752780847 -0.9351331739967237
51544.48611111111 0.8344316643710968 0.5743174512267756 0.8206042788449212 0.5810515438041572
51544.5 0.9940582787865402 -0.1955022661579638 0.9569481208274354 -0.3508210746742642
51544.51388888889 0.06598674382622884 -1.0027245937623663 0.00782416179243859 -1.0193645787386658
51544.52777777778 0.19775307586975174 0.9790417664937161 0.35134072366918184 0.9334763843260138
51544.541666666664 -0.7236291059899366 -0.7452764219368927 -0.6637586046698908 -0.8041421440523888
51544.555555555555 0.3662621068495311 -0.8629654461570035 0.4136672485197714 -0.8515576599974302
51544.569444444445 -0.9385799391683242 0.35186159469398837 -0.922117645834713 0.38595498688324253
51544.583333333336 -0.9339326473683969 0.22191473567712638 -0.9434210291974153 0.27947943240151846
51544.59722222222 -0.7694013362458749 0.6019855955769136 -0.6981901396945954 0.6864894631719334
51544.61111111111 0.8810275318766053 0.4188802298742054 0.8642146209532849 0.41612979401027383
51544.625 0.7018992370914673 0.6403288163572124 0.7136616741302093 0.6668204027112834
51544.63888888889 -0.2590887030399062 0.9868015910316854 -0.32195467874007244 0.9779580789191894
51544.65277777778 0.9653479015561751 -0.19956189103551056 0.9409517332717149 -0.2556399887609743
51544.666666666664 0.9816126675211242 -0.12257764804088057 1.0008620788287454 -0.06699331226045283
51544.680555555555 0.8246123496413363 0.4848200600553666 0.7514889582827085 0.6134859794890136
51544.694444444445 0.48668551591068215 0.7906635418670497 0.2710126936513509 0.885923947021135
51544.708333333336 0.8961122260045715 0.3861512214445593 0.9175325138206251 0.3717818884391671
51544.72222222222 -0.7200467022489706 0.7588685120903526 -0.6260206254119951 0.8494967380007887
51544.73611111111 0.9848040244276293 0.03260830659942501 0.9829610471672726 0.0280614308061378
51544.75 -0.25405789696638903 0.9690732916094132 -0.30339723363623167 0.9544819134643783
51544.76388888889 -0.008230807155479563 -0.9828412252155208 -0.00277913692111244 -0.9867733721044543
51544.77777777778 0.25567418969246186 -0.9846365900252745 0.12582100331240426 -1.005842982448523
51544.791666666664 0.9406181953029683 0.47626717080649683 1.0179573917791687 0.3281906016463087
51544.805555555555 -0.8107570657864048 -0.6196718249431356 -0.7783773945064785 -0.6636298366222552
51544.819444444445 0.30661981781615144 0.9713656843354493 0.2871493808986585 0.9704704266362151
51544.833333333336 -0.6953555845299657 0.5701221566487893 -0.7394412565297225 0.5325137692744473
51544.84722222222 0.9874916164438474 -0.21823872173679346 0.9662815630912797 -0.2546663254979543
51544.86111111111 0.6728997545086725 -0.8167392826633224 0.7810976557446653 -0.7128776654024707
51544.875 0.14543205441860774 -1.0188863892316518 0.03716268069716798 -1.0334551255014157
51544.88888888889 0.8775895449493611 0.5255681738452499 0.9497435813449567 0.39488061702830524
51544.90277777778 0.8826890323512695 0.43375000340389275 0.8135175403373481 0.5515674269583277
51544.916666666664 0.85917300840324 -0.6365029216752538 0.8301106578394257 -0.665897359149352
51544.930555555555 -0.9679158420360606 -0.10090931652791514 -0.9644492815083755 -0.08706801114862803
51544.944444444445 -0.9734700256347533 0.1554999146588654 -0.9705768131460681 0.15510617098808915
51544.958333333336 -0.07818362911630222 1.0798043455723927 -0.09819320804094323 1.0567924555811874
51544.97222222222 -1.0238154787589024 -0.020709513885169263 -1.033005443984881 -0.011759717573114375
51544.98611111111 -0.9934472021327977 0.07019889799870356 -1.0119062870672777 0.08563764563898249
