51544.0 0.6876320585186555 -0.6886215862980658 0.6615163867254247 -0.7063748044217548
51544.01388888889 -0.9147816874916902 0.3564240063587567 -0.8589602912447826 0.4608684665708402
51544.02777777778 0.3674819084790557 -0.8520452443510189 0.5275262776077417 -0.770631396499749
51544.041666666664 -0.9711983233979876 -0.12648127496515485 -0.9601521003126249 -0.1516875462086931
51544.055555555555 -0.13529801024985355 1.0097242256749583 -0.0025119280970830864 1.0282684251896257
51544.069444444445 0.7609919723431326 0.6384721927749883 0.840682565048918 0.5231396861235846
51544.40277777778 -0.35485270001634966 0.9426530244504993 -0.23232135404729076 1.0021344642205274
51544.416666666664 0.7059452769755704 -0.6627186164484448 0.6701297340876583 -0.6992780075592048
51544.430555555555 0.9279500239191272 0.5451407768756882 0.9324950095775917 0.5699594644752359
51544.444444444445 0.6353132103698055 0.8191596138748207 0.6541365076944725 0.7996441617644082
51544.458333333336 0.20688209750686914 -1.0525083553792927 0.20270485625068674 -1.063723456012065
51544.47222222222 -0.763967249295819 -0.5149350295331047 -0.7489834677342959 -0.5461813592461612
51544.48611111111 -0.29239796863993944 -0.9207231932319353 -0.27267846789594324 -0.9185346233374042
51544.5 -0.40086944403016317 -0.793927486436154 -0.4639091144864102 -0.7656985558840664
51544.51388888889 0.4770584507541627 0.8347727645255506 0.3195804243264618 0.9074584370976705
51544.52777777778 -0.888223647769057 -0.1608056900835644 -0.8611324168015813 -0.30108076143680984
51544.541666666664 0.08888486950730064 0.9993210216485664 0.11366596190468019 1.0018538923393343
51544.555555555555 0.5593710409697339 0.8109586346246667 0.479203569682021 0.8461503389831004
51544.569444444445 0.5408103576514902 0.8304759085685169 0.4998458268791301 0.8563588737356927
51544.583333333336 0.9388202438874751 0.08340740453370021 0.9398220796436033 -0.010565913435381137
51544.59722222222 -0.4514003416291898 0.8926296057810729 -0.4070380547136192 0.9156191457322688
51544.61111111111 -0.21968274456273862 0.8928555216311301 -0.34414274992496596 0.8548345216318267
51544.625 0.0770399838436739 -0.9915052920623412 0.08146272105633305 -0.9799609531984779
51544.63888888889 -0.9392822392817372 -0.3747574844853556 -0.9353921634183813 -0.3757505362336138
51544.65277777778 0.6498703141973631 -0.7631457576569013 0.5930296041568451 -0.8099312065441141
51544.666666666664 0.4837291295288648 0.8534882057095836 0.5807192439028444 0.8016139907223319
51544.680555555555 -0.21943794486059578 -1.0105013374895873 -0.2515652139634235 -1.0089574927207374
51544.694444444445 0.30713320363772906 1.007391974784758 0.30854999623478685 0.9950316064244851
51544.708333333336 -0.8912190783922456 0.22945512461342377 -0.8951294101692591 0.28947297169588393
51544.72222222222 -0.054710898157828675 1.0591166887655428 -0.05064610788071646 1.055844876382776
51544.73611111111 0.5631552432112292 0.8215226467666088 0.6486862624813652 0.7473517925641019
51544.75 0.7124984853268074 -0.6891543205486208 0.6955018375659909 -0.6707703291882411
51544.76388888889 0.8815743453781114 -0.574392673034593 0.8757709296358738 -0.554123202659881
51544.77777777778 0.10962433394753822 0.9997182371521509 0.18713026075993536 0.9866865754370713
51544.791666666664 -0.61724885817107 -0.7816913052190769 -0.5999538025048974 -0.8012337214297945
51544.805555555555 0.7398591369763465 -0.6195126561920172 0.8108539695587377 -0.5216958315099981
51544.819444444445 -0.7651067570722959 -0.5377087637103815 -0.755952919663157 -0.5659154792733598
51544.833333333336 -0.8378368390732166 0.6620316312348657 -0.7987215917403943 0.6858224400460972
51544.84722222222 0.11462050845299361 -1.0178025947457745 0.006505582049055025 -1.0289937951702923
51544.86111111111 0.5539199206998549 -0.7702573815126024 0.6033030715480846 -0.7465306923225681
51544.875 -1.0242301126068372 0.21153166051728098 -1.0061783010255358 0.2579589555036779
51544.88888888889 -0.3776146882670313 0.8770132903633672 -0.32832486610374795 0.8912892465603852
51544.90277777778 1.0312094554755555 -0.0628147620978859 1.030577132228644 -0.07629112063118533
51544.916666666664 0.6345982304647515 -0.6465278126134392 0.634103554722246 -0.6541586118998106
51544.930555555555 -0.9511740138972498 0.05229843533175861 -0.9354385997029767 0.18597710924956842
51544.944444444445 -0.35740114023698094 0.9198604912549148 -0.47398856562944924 0.8783667506324419
51544.958333333336 0.9603582241169427 0.15501892861155186 0.9750075368022196 0.12478531537060455
51544.97222222222 -0.18385774869057095 -1.0063549621363457 -0.2871274245574578 -0.9726244605462303
51544.98611111111 -0.559836028864782 0.8601079089416759 -0.6597087843897607 0.7710022010339677
