51544.0 -0.3869071736511149 -0.9195961908203819 -0.5689946478408938 -0.8162145812942171
51544.01388888889 0.9420237815405075 0.40728943326142497 0.9705798681958764 0.2946972789356386
51544.02777777778 -0.8794938537194859 0.40985584056525926 -0.8634441833220295 0.42083524894695723
51544.041666666664 0.5007930542456039 -0.9024711274478717 0.4703326277805726 -0.936221579613672
51544.055555555555 0.5761174544804915 0.8503627523411963 0.5888387880020288 0.852974350316306
51544.069444444445 0.07755863879960631 0.8855080794896474 0.030033338035672656 0.8939413727363833
51544.40277777778 0.9184115193608967 0.34303731272790017 0.8428528905922054 0.5461438568534632
51544.416666666664 1.0068684723740264 0.17163888804902064 1.0152356521684378 0.17470756502633475
51544.430555555555 -0.017071917128119826 -1.0849729211462962 -0.10137325966995078 -1.0912970178415022
51544.444444444445 0.18828909345454628 -0.9816635382192676 0.22685310780852766 -0.9766419905865825
51544.458333333336 -0.8286956578423386 0.6098348320225754 -0.7418866764673019 0.7007073979550074
51544.47222222222 0.9058608597889726 -0.3318034413137879 0.9448535518860961 -0.28281971297662434
51544.48611111111 0.9777460290500809 -0.09192871912741767 0.9511321684925991 -0.17750066902443087
51544.5 0.18105172139880374 0.974762532854681 0.1472931434321814 0.9882346313369825
51544.51388888889 0.8464629982127663 0.6559763216757895 0.8482351437564275 0.6373829878961552
51544.52777777778 -1.0008170012293587 0.2989771035426364 -0.9954710282477657 0.23198548502967226
51544.541666666664 0.0003659077193357372 0.9885349534420003 0.09380814302112599 0.971491727018066
51544.555555555555 -0.8728156980398564 -0.48513437092419603 -0.9013855974220545 -0.43425015490474
51544.569444444445 -0.6450849774074445 0.8263688654187439 -0.6407158779590366 0.8328823059109051
51544.583333333336 0.7662081587356373 0.54961632420237 0.7766289260903655 0.5431660305037158
51544.59722222222 0.900390428994252 -0.42273190472256966 0.8958050515947469 -0.4372216587625172
51544.61111111111 -0.932690830498209 0.027961585217190284 -0.9332187961070534 0.1953932329853895
51544.625 0.8294880035583031 -0.6864059016270972 0.6954518158987858 -0.8195016850640233
51544.63888888889 -0.14983956781905158 0.9800331731536055 -0.13527719755281006 0.9855333601797643
51544.65277777778 0.9535271401171006 0.1941056714015118 0.9688453387777387 0.13887376444891789
51544.666666666664 -1.0051286058612852 -0.02366196268738823 -0.9981602218020957 -0.00481254488111614
51544.680555555555 -0.13200737678914676 1.082217012139962 -0.22319292533963103 1.0528467754242161
51544.694444444445 -0.7245981731341163 0.6608570132615712 -0.7151323849043599 0.6417680846939702
51544.708333333336 0.0600295122987429 0.943654527366982 0.2047403733356143 0.9318858961947029
51544.72222222222 -0.8714616813596737 0.33531482300173643 -0.8888841825011867 0.30863837368333885
51544.73611111111 0.9455289062479184 0.1485780874855594 0.9649517955388712 0.038927667941069256
51544.75 0.72962850860304 0.7844844567480351 0.7733681721393053 0.748589532952426
51544.76388888889 -0.2374560951569363 0.9627144953397044 -0.2296644415381569 0.9646809596220121
51544.77777777778 -0.9927657616102153 -0.05446326016926976 -0.9874272251165593 0.11991976626891021
51544.791666666664 -0.23459563229329347 0.9526215057486416 -0.14527678707292313 0.9826817960653448
51544.805555555555 0.6536660919178912 -0.7968166779796958 0.7533585546358449 -0.6959494961239528
51544.819444444445 -0.8921450015018417 0.3620353362365366 -0.8577531031800831 0.4315867636779271
51544.833333333336 -0.025169029012227898 -0.9745773848495167 -0.03191265062123371 -0.9597534188272591
51544.84722222222 0.39400816968531893 -0.896577441506027 0.31263045915949766 -0.9236635640013536
51544.86111111111 1.0034943314475355 0.15706169403298914 1.008192699206311 -0.026688941704997835
51544.875 -0.92322171681789 0.43895666176467235 -0.909140701036054 0.473529847147685
51544.88888888889 0.177109750251726 1.0150394935351528 0.029172975039256293 1.0295268589210822
51544.90277777778 0.4681133733836353 -0.8277921390692891 0.5179653533594221 -0.7960372911575276
51544.916666666664 -0.1602779126417093 -0.9597713784309924 -0.28426386514965946 -0.936855803273557
51544.930555555555 0.457694668941093 0.837128870615053 0.34274141244541323 0.888874283856655
51544.944444444445 -0.8366901280404594 0.686873422834815 -0.9391933991690055 0.5275632468497042
51544.958333333336 -0.7230309980563664 -0.796586762794802 -0.717581509924786 -0.7905268100563656
51544.97222222222 -0.6203455802068684 -0.8359739337558801 -0.6149930347966686 -0.8236011795967381
51544.98611111111 0.3830591760558659 -0.9262736202125804 0.2382024576767528 -0.9781820489689186
